a3(0, 10, 70, 0.002, 0.0, false, 4)  2.304283
a3(0, 10, 70, 0.01, 0.0, false, 4) 2.302117
a3(0, 10, 70, 0.05, 0.0, false, 4) 2.292967
a3(0, 10, 70, 0.2, 0.0, false, 4) 2.228969
a3(0, 10, 70, 1.0, 0.0, false, 4) 1.598844
a3(0, 10, 70, 5.0, 0.0, false, 4) 2.301322
a3(0, 10, 70, 20.0, 0.0, false, 4) 2.302585

a3(0, 10, 70, 0.002, 0.9, false, 4) 2.300135
a3(0, 10, 70, 0.01, 0.9, false, 4) 2.284022
a3(0, 10, 70, 0.05, 0.9, false, 4) 2.008606
a3(0, 10, 70, 0.2, 0.9, false, 4) 1.083429
a3(0, 10, 70, 1.0, 0.9, false, 4) 2.018723
a3(0, 10, 70, 5.0, 0.9, false, 4) 2.302585
a3(0, 10, 70, 20.0, 0.9, false, 4) 2.302585


a3(1, 200, 1000, 0.35, 0.9, false, 100) 2.302585
a3(0, 200, 1000, 0.35, 0.9, false, 100) 0.430185
a3(0.1, 200, 1000, 0.35, 0.9, false, 100) 2.176353
a3(0.0001, 200, 1000, 0.35, 0.9, false, 100) 0.348294
a3(10, 200, 1000, 0.35, 0.9, false, 100) 22.612774
a3(0.001, 200, 1000, 0.35, 0.9, false, 100) 0.287910


a3(0, 200, 1000, 0.35, 0.9, true, 100) 0.430185
a3(0, 30, 1000, 0.35, 0.9, true, 100) 0.317077
a3(0, 130, 1000, 0.35, 0.9, true, 100) 0.397597
a3(0, 10, 1000, 0.35, 0.9, true, 100) 0.421705
a3(0, 100, 1000, 0.35, 0.9, true, 100) 0.368593

a3(0, 113, 1000, 0.35, 0.9, true, 100) 0.313749
a3(0, 236, 1000, 0.35, 0.9, true, 100) 0.343841
a3(0, 37, 1000, 0.35, 0.9, true, 100) 0.265165
a3(0, 83, 1000, 0.35, 0.9, true, 100) 0.311244
a3(0, 18, 1000, 0.35, 0.9, true, 100) 0.306083


a3(0.001, 37, 1000, 0.2, 0.9, true, 100)